время скорость угол_траектории высота угол_тангажа угловая_скорость_тангажа
0 53 0 0.1 0.0174533 -0.1
0.01 53.005 -0.168751 0.1 0.984938 -0.000100218
0.06 53.0298 -0.952805 0.0975288 0.967349 -1.56604e-05
0.11 53.0532 -1.6044 0.0913706 0.95933 -2.6743e-05
0.16 53.0755 -2.10176 0.082241 0.946758 -3.8291e-05
0.21 53.0968 -2.43503 0.0709394 0.93023 -4.77382e-05
0.26 53.1175 -2.60415 0.0582944 0.910765 -5.46898e-05
0.31 53.1379 -2.61776 0.045117 0.889434 -5.89724e-05
0.36 53.1585 -2.49183 0.0321595 0.867296 -6.05806e-05
0.41 53.1796 -2.24801 0.0200816 0.84534 -5.96562e-05
0.46 53.2016 -1.91189 0.00942581 0.824442 -5.64611e-05
0.51 53.2247 -1.51118 0.00060079 0.805328 -5.13491e-05
0.56 53.2494 -1.07405 -0.00612556 0.788556 -4.47371e-05
0.609999 53.2758 -0.627588 -0.0106254 0.774499 -3.70791e-05
0.659999 53.304 -0.196437 -0.0129024 0.763351 -2.88422e-05
0.709999 53.3342 0.198206 -0.0130779 0.75513 -2.04859e-05
0.759999 53.3665 0.539363 -0.0113713 0.7497 -1.24438e-05
0.809999 53.4008 0.814718 -0.00807815 0.746795 -5.10733e-06
0.859999 53.4371 1.01677 -0.00354619 0.746043 1.18799e-06
0.909999 53.4753 1.14272 0.00184864 0.747003 6.17474e-06
0.96 53.5152 1.19411 0.00772522 0.749189 9.66261e-06
1.01 53.5569 1.17625 0.013718 0.752108 1.15445e-05
1.06 53.6001 1.09757 0.0194949 0.755281 1.17985e-05
1.11 53.6447 0.968827 0.0247709 0.758269 1.04865e-05
1.16 53.6906 0.802269 0.0293186 0.760693 7.74727e-06
1.21 53.7377 0.610835 0.0329738 0.762246 3.78644e-06
1.26 53.786 0.407393 0.0356375 0.762703 -1.13737e-06
1.31 53.8354 0.204067 0.0372742 0.761923 -6.72899e-06
1.36 53.8859 0.0116725 0.0379068 0.759848 -1.26746e-05
1.41 53.9376 -0.160717 0.0376092 0.756496 -1.86596e-05
1.46 53.9904 -0.306064 0.0364971 0.751955 -2.43861e-05
1.51 54.0445 -0.419521 0.0347169 0.746367 -2.95878e-05
1.56 54.1 -0.498452 0.0324353 0.739917 -3.40423e-05
1.61 54.1569 -0.542334 0.0298276 0.732817 -3.75805e-05
1.66 54.2154 -0.552559 0.0270678 0.725295 -4.00919e-05
1.71 54.2756 -0.532154 0.0243198 0.717577 -4.15267e-05
1.76 54.3377 -0.485443 0.0217292 0.709878 -4.18943e-05
1.81 54.4019 -0.41768 0.019418 0.70239 -4.12592e-05
1.86 54.4681 -0.334668 0.0174804 0.695278 -3.97339e-05
1.91 54.5366 -0.242396 0.0159811 0.688668 -3.74705e-05
1.96 54.6074 -0.146697 0.0149549 0.682651 -3.46501e-05
2.01 54.6807 -0.0529577 0.0144077 0.677276 -3.14722e-05
2.06 54.7565 0.0341197 0.0143201 0.672559 -2.81435e-05
2.11 54.835 0.110694 0.0146505 0.668477 -2.48668e-05
2.16 54.9161 0.173894 0.0153398 0.664981 -2.18313e-05
2.21 55 0.221872 0.0163167 0.661997 -1.92033e-05
2.26 55.0868 0.253784 0.0175027 0.659435 -1.71193e-05
2.31 55.1764 0.269732 0.0188167 0.657195 -1.56806e-05
2.36 55.2689 0.270658 0.0201802 0.655171 -1.49498e-05
2.41 55.3644 0.258199 0.0215207 0.653261 -1.49495e-05
2.46 55.4629 0.234528 0.022775 0.651369 -1.56636e-05
2.51 55.5645 0.202182 0.0238918 0.649413 -1.70397e-05
2.56 55.6693 0.163886 0.0248329 0.647322 -1.8994e-05
2.61 55.7773 0.122393 0.025574 0.645045 -2.1417e-05
2.66 55.8886 0.0803277 0.0261044 0.642549 -2.41807e-05
2.71 56.0033 0.0400677 0.0264261 0.639816 -2.71464e-05
2.76 56.1215 0.00364105 0.0265523 0.636847 -3.01719e-05
2.81 56.2433 -0.0273434 0.0265059 0.633657 -3.31195e-05
2.86 56.3689 -0.0517357 0.0263166 0.630276 -3.58628e-05
2.91 56.4983 -0.0688567 0.0260191 0.626739 -3.82926e-05
2.96 56.6317 -0.0784832 0.0256506 0.623092 -4.03213e-05
3.01 56.7693 -0.0808109 0.0252486 0.619383 -4.18867e-05
3.06 56.9112 -0.0763985 0.0248487 0.61566 -4.29534e-05
3.11 57.0574 -0.0660992 0.0244832 0.611972 -4.35132e-05
3.16 57.2083 -0.0509836 0.0241796 0.60836 -4.3584e-05
3.21 57.3639 -0.0322596 0.0239598 0.604861 -4.32074e-05
3.26 57.5245 -0.0111933 0.0238393 0.601506 -4.2445e-05
3.31 57.6901 0.0109647 0.0238274 0.598317 -4.13743e-05
3.36 57.8609 0.0330434 0.0239272 0.595306 -4.00832e-05
3.41 58.0371 0.054006 0.024136 0.592479 -3.86655e-05
3.46 58.2189 0.0729897 0.0244466 0.589835 -3.72149e-05
3.51 58.4064 0.0893334 0.0248475 0.587364 -3.58204e-05
3.56 58.5999 0.102591 0.0253246 0.585055 -3.45615e-05
3.61 58.7994 0.112532 0.0258616 0.582888 -3.35048e-05
3.66 59.0052 0.119131 0.0264418 0.580844 -3.27006e-05
3.71 59.2175 0.122547 0.0270488 0.578901 -3.21812e-05
3.76 59.4364 0.123095 0.027667 0.577039 -3.19599e-05
3.80999 59.6622 0.121211 0.0282828 0.575237 -3.20311e-05
3.85999 59.895 0.117422 0.0288851 0.573479 -3.23711e-05
3.90999 60.1351 0.112299 0.0294655 0.57175 -3.29405e-05
3.95999 60.3827 0.106432 0.0300184 0.570038 -3.36863e-05
4.00999 60.638 0.100389 0.0305412 0.568337 -3.45456e-05
4.05999 60.9012 0.094693 0.0310341 0.566644 -3.54484e-05
4.10999 61.1727 0.0897976 0.0314998 0.564958 -3.63219e-05
4.15999 61.4526 0.0860707 0.0319432 0.563284 -3.70937e-05
4.20999 61.7412 0.0837846 0.0323706 0.561628 -3.76953e-05
4.25999 62.0388 0.0831119 0.0327898 0.56 -3.80651e-05
4.30999 62.3457 0.0841275 0.0332089 0.558408 -3.81505e-05
4.35999 62.6622 0.0868149 0.0336365 0.556866 -3.79102e-05
4.40998 62.9885 0.0910776 0.0340809 0.555384 -3.73147e-05
4.45998 63.325 0.0967526 0.0345496 0.553974 -3.63473e-05
4.50998 63.6721 0.103627 0.0350493 0.552648 -3.50031e-05
4.55998 64.0299 0.111454 0.0355856 0.551415 -3.32883e-05
4.60998 64.3989 0.11997 0.0361628 0.550283 -3.12189e-05
4.65998 64.7794 0.128913 0.0367837 0.549259 -2.88181e-05
4.70998 65.1718 0.138032 0.03745 0.548349 -2.61145e-05
4.75998 65.5765 0.147103 0.0381621 0.547555 -2.31391e-05
4.80998 65.9938 0.155938 0.0389194 0.54688 -1.99232e-05
4.85998 66.4241 0.16439 0.0397205 0.546324 -1.64951e-05
4.90998 66.8678 0.172356 0.040563 0.545886 -1.28788e-05
4.95998 67.3254 0.179781 0.0414446 0.545565 -9.09096e-06
5.00997 67.7972 0.186653 0.0423623 0.545359 -5.14002e-06
5.05997 68.2837 0.193002 0.0433135 0.545266 -1.02466e-06
5.10997 68.7854 0.198891 0.0442957 0.545283 3.26678e-06
5.15997 69.3028 0.204411 0.0453067 0.545408 7.75647e-06
5.20997 69.8363 0.209677 0.0463448 0.545641 1.24769e-05
5.25997 70.3864 0.214813 0.0474092 0.54598 1.747e-05
5.30997 70.9536 0.219949 0.0484993 0.546426 2.27863e-05
5.35997 71.5385 0.225213 0.0496154 0.546979 2.84836e-05
5.40997 72.1416 0.230726 0.0507584 0.547641 3.46249e-05
5.45997 72.7635 0.236595 0.0519298 0.548416 4.12776e-05
5.50997 73.4047 0.242908 0.0531316 0.549306 4.85113e-05
5.55997 74.066 0.249737 0.0543661 0.550316 5.63963e-05
5.60996 74.7478 0.25713 0.0556361 0.55145 6.50026e-05
5.65996 75.4509 0.265115 0.0569444 0.552715 7.43984e-05
5.70996 76.1758 0.273703 0.0582941 0.554116 8.46497e-05
5.75996 76.9233 0.282883 0.0596881 0.555659 9.58194e-05
5.80996 77.6941 0.292634 0.0611295 0.55735 0.000107968
5.85996 78.4889 0.302922 0.0626209 0.559194 0.000121152
5.90996 79.3085 0.313703 0.0641651 0.561199 0.000135428
5.95996 80.1536 0.324932 0.0657644 0.56337 0.000150849
6.00996 81.0249 0.336563 0.067421 0.565712 0.000167471
6.05996 81.9234 0.34855 0.0691367 0.56823 0.000185347
6.10996 82.8499 0.360854 0.0709134 0.570931 0.000204538
6.15996 83.8053 0.373445 0.0727525 0.573818 0.000225105
6.20995 84.7903 0.386298 0.0746554 0.576898 0.000247118
6.25995 85.8061 0.399401 0.0766234 0.580173 0.000270652
6.30995 86.8535 0.412749 0.0786578 0.58365 0.000295793
6.35995 87.9334 0.426351 0.0807598 0.587332 0.000322636
6.40995 89.047 0.440221 0.0829307 0.591225 0.000351286
6.45995 90.1952 0.454384 0.0851719 0.595334 0.000381862
6.50996 91.3792 0.468871 0.087485 0.599663 0.000414494
6.55996 92.6001 0.483717 0.0898715 0.604219 0.000449325
6.60996 93.8589 0.498962 0.0923335 0.609007 0.000486511
6.65996 95.1569 0.514648 0.094873 0.614032 0.000526222
6.70996 96.4953 0.530816 0.0974922 0.619303 0.000568641
6.75996 97.8754 0.547508 0.100194 0.624825 0.000613963
6.80996 99.2984 0.564763 0.10298 0.630606 0.000662397
6.85996 100.766 0.582616 0.105855 0.636653 0.000714164
6.90996 102.279 0.601101 0.10882 0.642976 0.000769498
6.95997 103.839 0.620246 0.11188 0.649582 0.000828646
7.00997 105.447 0.640076 0.115038 0.65648 0.000891869
7.05997 107.106 0.660613 0.118296 0.663679 0.00095944
7.10997 108.816 0.681875 0.121659 0.671189 0.00103165
7.15997 110.579 0.703878 0.125131 0.67902 0.00110879
7.20997 112.398 0.726636 0.128714 0.687182 0.0011912
7.25997 114.273 0.750162 0.132414 0.695685 0.0012792
7.30997 116.206 0.774467 0.136233 0.70454 0.00137316
7.35997 118.199 0.799565 0.140176 0.713757 0.00147345
7.40998 120.255 0.82547 0.144247 0.723349 0.00158047
7.45998 122.374 0.852198 0.14845 0.733325 0.00169466
7.50998 124.559 0.879766 0.152789 0.743699 0.00181646
7.55998 126.813 0.908195 0.157268 0.754483 0.00194637
7.60998 129.136 0.93751 0.161892 0.765688 0.0020849
7.65998 131.532 0.967737 0.166665 0.777327 0.00223261
7.70998 134.002 0.998905 0.171591 0.789414 0.00239008
7.75998 136.549 1.03105 0.176677 0.801963 0.00255796
7.80998 139.175 1.0642 0.181926 0.814987 0.00273692
7.85998 141.883 1.0984 0.187343 0.828501 0.00292768
7.90999 144.675 1.1337 0.192935 0.84252 0.00313102
7.95999 147.554 1.17012 0.198707 0.85706 0.00334776
8.00999 150.523 1.20772 0.204664 0.872136 0.00357879
8.05999 153.584 1.24655 0.210812 0.887766 0.00382504
8.10999 156.74 1.28664 0.217158 0.903967 0.00408752
8.15999 159.994 1.32806 0.223708 0.920758 0.0043673
8.20999 163.35 1.37084 0.23047 0.938155 0.00466551
8.25999 166.81 1.41505 0.237449 0.95618 0.00498337
8.30999 170.377 1.46072 0.244653 0.974851 0.00532218
8.36 174.056 1.50792 0.25209 0.99419 0.00568331
8.41 177.849 1.5567 0.259767 1.01422 0.00606821
8.46 181.76 1.6071 0.267693 1.03496 0.00647847
8.51 185.792 1.6592 0.275875 1.05643 0.00691573
8.56 189.95 1.71303 0.284323 1.07866 0.00738177
8.61 194.237 1.76867 0.293045 1.10167 0.00787847
8.66 198.658 1.82618 0.30205 1.12549 0.00840784
8.71 203.216 1.88561 0.311348 1.15014 0.00897203
8.76 207.916 1.94704 0.32095 1.17565 0.00957332
8.81001 212.762 2.01053 0.330863 1.20205 0.0102142
8.86001 217.758 2.07616 0.341101 1.22937 0.0108971
8.91001 222.91 2.144 0.351673 1.25764 0.011625
8.96001 228.223 2.21414 0.36259 1.28688 0.0124007
9.01001 233.7 2.28664 0.373864 1.31714 0.0132275
9.06001 239.348 2.36161 0.385508 1.34844 0.0141086
9.11001 245.171 2.43914 0.397534 1.38081 0.0150478
9.16001 251.175 2.5193 0.409955 1.4143 0.0160487
9.21001 257.366 2.60222 0.422784 1.44894 0.0171157
9.26001 263.75 2.68798 0.436036 1.48477 0.0182529
9.31002 270.331 2.7767 0.449725 1.52183 0.0194651
9.36002 277.118 2.86849 0.463866 1.56016 0.0207573
9.41002 284.115 2.96347 0.478474 1.59979 0.0221348
9.46002 291.33 3.06176 0.493567 1.64079 0.0236033
9.51002 298.77 3.16349 0.509161 1.68319 0.025169
9.56002 306.44 3.26879 0.525273 1.72703 0.0268382
9.61002 314.349 3.37779 0.541921 1.77237 0.028618
9.66002 322.503 3.49065 0.559126 1.81927 0.0305157
9.71002 330.911 3.60752 0.576905 1.86776 0.0325394
9.76003 339.58 3.72855 0.595281 1.91792 0.0346975
9.81003 348.518 3.8539 0.614273 1.96978 0.036999
9.86003 357.735 3.98375 0.633905 2.02342 0.0394536
9.91003 367.237 4.11828 0.654198 2.0789 0.0420718
9.96003 377.034 4.25767 0.675178 2.13627 0.0448645
